The initial weights in layer 1 are:
-0.59
0.76
0.03
0.69
-0.26
-0.54
-0.79
-0.88
-0.72
0.43
-0.23
-0.95
0.66
0.44
0.12
-0.11
0.81
-0.17
-0.97
-0.91
-0.7
0.32
-0.17
0.53
-0.09
0.21
0.35
-0.77
-0.8
0.97
-0.8
-0.82
-0.02
-0.19
-0.4
-0.87
0.4
0.69
0.51
-0.55
0.61
-0.07
0.67
0.83
0.86
-0.59
-0.34
-0.27
0.13
-0.66
-0.8
0.07
0
0.95
0.38
0.96
-0.2
-0.07
0.93
0.75
-0.45
-0.8
-0.2
-0.67
-0.13
0.57
0.96
-0.02
0.69
0.36
0.1
-0.13
-0.89
-0.04
-0.51
-0.26
0.32
0.47
-0.28
0.31
0.32
0.61
0.65
-0.45
-0.37
0.82
0.42
0.4
-0.38
0.78
-0.4
-0.22
0.04
-0.33
0.1
-0.69
-0.62
-0.28
-0.85
-0.41
-0.91
0.61
-0.84
0.11
0.92
-0.19
0.08
-0.05
0.16
-0.25
0.97
-0.98
0.91
0.78
-0.61
-1
-0.56
-0.04
-0.28
-0.7
-0.33
-0.76
0.16
0.44
-0.56
-0.56
0.38
-0.03
-0.89
0.93
-0.86
0.45
-0.43
-0.84
-0.03
-0.87
0.53
-0.59
0.18
-0.19
0.81
-0.74
-0.85
0.32
-0.29
-0.35
-0.51
0.1
0.01
-0.04
0.91
-0.78
0.7
0.66
0.32
-0.77
-0.04
-0.71
-0.31
-0.53
0.24
0.28
-0.13
-0.65
-0.59
-0.49
-0.42
-0.79
0.85
-0.71
-0.6
-0.17
0.28
0.66
0.74
0.02
-0.88
-0.16
0.71
0.63
-0.6
0.11
-0.47
0.9
-0.13
1
-0.34
0.7
-0.63
-0.35
0.1
-0.81
0.26
0.72
0.19
-0.91
-0.61
0.85
0
-0.33
-0.62
0.79
-0.59
0.65
-0.02
-0.77
-0.63
1
-0.15
0.53
0.94
0.54
-0.85
-0.53
0.15
0.4
0.8
0.84
-0.22
-0.28
0.72
0.8
0.69
-0.44
-0.89
-0.25
0.92
0.86
-0.22
-0.02
0.25
-0.95
-0.08
-0.05
-0.3
-0.78
0.71
0.05
-0.54
-0.69
-0.92
-0.41
0
0.1
0.19
0.61
0.17
0.75
-0.39
-0.46
0.22
-0.79
0.52
0.56
-0.73
0.34
-0.69
-0.38
0.82
-0.08
0.21
-0.58
0.26
-0.91
0.73
-0.61
-0.29
0.59
0.72
-0.29
0.4
0.35
0.54
-0.32
-0.5
-0.41
0.88
-0.02
-0.01
0.36

The initial weights in layer 2 are:
0.73
-0.85
0.35
0.41
0.8
0.42
0.78
0.33
-0.38
-0.66
0.54
-0.3
-0.25
-0.61
0.84
0.79
0.49
0.44
0.94
0.04
-0.23
0.74
0.57
0.5
0.19
0.03
-0.83
-0.33
-0.96
-0.35
0.96
0.71
